#	Label	rel_flux_T1	rel_flux_T1_dfn	rel_flux_T1_dfn_model	rel_flux_T1_dfn_residual	rel_flux_err_T1_dfn
1	WASP-12b_00040_bdf.fits	0.093617	1.004937	0.985000	0.004937	0.001352
2	WASP-12b_00041_bdf.fits	0.093512	1.003814	0.985000	0.003814	0.001357
3	WASP-12b_00042_bdf.fits	0.093739	1.006258	0.985000	0.006258	0.001337
4	WASP-12b_00043_bdf.fits	0.093818	1.007114	0.985000	0.007114	0.001337
5	WASP-12b_00044_bdf.fits	0.093566	1.004415	0.985000	0.004415	0.001354
6	WASP-12b_00045_bdf.fits	0.093795	1.006876	0.985000	0.006876	0.001348
7	WASP-12b_00046_bdf.fits	0.093712	1.005988	0.985000	0.005988	0.001346
8	WASP-12b_00047_bdf.fits	0.093139	0.999849	0.985000	-0.000151	0.001359
9	WASP-12b_00048_bdf.fits	0.093310	1.001684	0.985000	0.001684	0.001333
10	WASP-12b_00049_bdf.fits	0.093355	1.002171	0.985000	0.002171	0.001335
11	WASP-12b_00050_bdf.fits	0.093484	1.003563	0.985000	0.003563	0.001336
12	WASP-12b_00051_bdf.fits	0.093105	0.999503	0.985000	-0.000497	0.001334
13	WASP-12b_00052_bdf.fits	0.093449	1.003198	0.985000	0.003198	0.001316
14	WASP-12b_00053_bdf.fits	0.093231	1.000858	0.985000	0.000858	0.001320
15	WASP-12b_00054_bdf.fits	0.093463	1.003359	0.985000	0.003359	0.001322
16	WASP-12b_00055_bdf.fits	0.093266	1.001243	0.985000	0.001243	0.001337
17	WASP-12b_00056_bdf.fits	0.093092	0.999385	0.985000	-0.000615	0.001339
18	WASP-12b_00057_bdf.fits	0.093066	0.999105	0.985000	-0.000895	0.001325
19	WASP-12b_00058_bdf.fits	0.093091	0.999388	0.985000	-0.000612	0.001340
20	WASP-12b_00059_bdf.fits	0.092979	0.998186	0.985000	-0.001814	0.001368
21	WASP-12b_00060_bdf.fits	0.093070	0.999165	0.985000	-0.000835	0.001352
22	WASP-12b_00061_bdf.fits	0.093070	0.999170	0.985000	-0.000830	0.001356
23	WASP-12b_00062_bdf.fits	0.093095	0.999445	0.985000	-0.000555	0.001355
24	WASP-12b_00063_bdf.fits	0.093134	0.999861	0.985000	-0.000139	0.001360
25	WASP-12b_00064_bdf.fits	0.092976	0.998171	0.985000	-0.001829	0.001357
26	WASP-12b_00065_bdf.fits	0.093565	1.004499	0.985000	0.004499	0.001345
27	WASP-12b_00066_bdf.fits	0.093221	1.000810	0.985000	0.000810	0.001345
28	WASP-12b_00067_bdf.fits	0.093300	1.001663	0.985000	0.001663	0.001367
29	WASP-12b_00068_bdf.fits	0.093186	1.000448	0.985000	0.000448	0.001344
30	WASP-12b_00069_bdf.fits	0.093267	1.001313	0.985000	0.001313	0.001356
31	WASP-12b_00070_bdf.fits	0.093310	1.001784	0.985000	0.001784	0.001377
32	WASP-12b_00071_bdf.fits	0.093061	0.999109	0.985000	-0.000891	0.001412
33	WASP-12b_00072_bdf.fits	0.093242	1.001054	0.985000	0.001054	0.001399
34	WASP-12b_00073_bdf.fits	0.093271	1.001375	0.985000	0.001375	0.001436
35	WASP-12b_00074_bdf.fits	0.092824	0.996574	0.985000	-0.003426	0.001522
36	WASP-12b_00075_bdf.fits	0.093425	1.003036	0.985000	0.003036	0.001413
37	WASP-12b_00076_bdf.fits	0.093120	0.999761	0.985000	-0.000239	0.001410
38	WASP-12b_00077_bdf.fits	0.093402	1.002794	0.985000	0.002794	0.001427
39	WASP-12b_00078_bdf.fits	0.093209	1.000722	0.985000	0.000722	0.001403
40	WASP-12b_00079_bdf.fits	0.093436	1.003161	0.985000	0.003161	0.001397
41	WASP-12b_00080_bdf.fits	0.093617	1.005112	0.985000	0.005112	0.001403
42	WASP-12b_00081_bdf.fits	0.093660	1.005569	0.985000	0.005569	0.001407
43	WASP-12b_00082_bdf.fits	0.093469	1.003526	0.985000	0.003526	0.001412
44	WASP-12b_00083_bdf.fits	0.093291	1.001620	0.985000	0.001620	0.001397
45	WASP-12b_00084_bdf.fits	0.093563	1.004539	0.985000	0.004539	0.001399
46	WASP-12b_00085_bdf.fits	0.093366	1.002428	0.985000	0.002428	0.001403
47	WASP-12b_00086_bdf.fits	0.093344	1.002192	0.985000	0.002192	0.001402
48	WASP-12b_00087_bdf.fits	0.093228	1.000955	0.984932	0.001023	0.001394
49	WASP-12b_00088_bdf.fits	0.093355	1.002313	0.984555	0.002759	0.001403
50	WASP-12b_00089_bdf.fits	0.093107	0.999658	0.983952	0.000705	0.001407
51	WASP-12b_00090_bdf.fits	0.092874	0.997159	0.983174	-0.001015	0.001426
52	WASP-12b_00091_bdf.fits	0.092829	0.996673	0.982255	-0.000583	0.001424
53	WASP-12b_00092_bdf.fits	0.092576	0.993964	0.981228	-0.002264	0.001393
54	WASP-12b_00093_bdf.fits	0.092503	0.993180	0.980124	-0.001944	0.001388
55	WASP-12b_00094_bdf.fits	0.092509	0.993250	0.978974	-0.000724	0.001384
56	WASP-12b_00095_bdf.fits	0.092275	0.990740	0.977815	-0.002075	0.001381
57	WASP-12b_00096_bdf.fits	0.092614	0.994382	0.976688	0.002694	0.001380
58	WASP-12b_00097_bdf.fits	0.092431	0.992420	0.975651	0.001769	0.001383
59	WASP-12b_00098_bdf.fits	0.092169	0.989608	0.974811	-0.000203	0.001385
60	WASP-12b_00099_bdf.fits	0.092332	0.991351	0.974304	0.002047	0.001384
61	WASP-12b_00100_bdf.fits	0.092211	0.990059	0.973894	0.001166	0.001386
62	WASP-12b_00101_bdf.fits	0.092043	0.988257	0.973544	-0.000287	0.001381
63	WASP-12b_00102_bdf.fits	0.092115	0.989033	0.973239	0.000794	0.001395
64	WASP-12b_00103_bdf.fits	0.092150	0.989408	0.972970	0.001438	0.001387
65	WASP-12b_00104_bdf.fits	0.091945	0.987204	0.972731	-0.000527	0.001382
66	WASP-12b_00105_bdf.fits	0.091908	0.986813	0.972516	-0.000703	0.001382
67	WASP-12b_00106_bdf.fits	0.091995	0.987750	0.972323	0.000427	0.001381
68	WASP-12b_00107_bdf.fits	0.091923	0.986974	0.972148	-0.000174	0.001376
69	WASP-12b_00108_bdf.fits	0.092194	0.989887	0.971990	0.002897	0.001391
70	WASP-12b_00109_bdf.fits	0.092297	0.990992	0.971846	0.004146	0.001371
71	WASP-12b_00110_bdf.fits	0.091719	0.984787	0.971715	-0.001928	0.001404
72	WASP-12b_00111_bdf.fits	0.092071	0.988569	0.971595	0.001974	0.001378
73	WASP-12b_00112_bdf.fits	0.091913	0.986873	0.971486	0.000386	0.001372
74	WASP-12b_00113_bdf.fits	0.091463	0.982046	0.971387	-0.004341	0.001385
75	WASP-12b_00114_bdf.fits	0.091807	0.985738	0.971297	-0.000559	0.001432
76	WASP-12b_00115_bdf.fits	0.091989	0.987695	0.971214	0.001481	0.001389
77	WASP-12b_00116_bdf.fits	0.091857	0.986283	0.971139	0.000144	0.001380
78	WASP-12b_00117_bdf.fits	0.092003	0.987852	0.971071	0.001781	0.001388
79	WASP-12b_00118_bdf.fits	0.091746	0.985095	0.971009	-0.000914	0.001397
80	WASP-12b_00119_bdf.fits	0.091798	0.985651	0.970953	-0.000302	0.001398
81	WASP-12b_00120_bdf.fits	0.091839	0.986093	0.970903	0.000190	0.001399
82	WASP-12b_00121_bdf.fits	0.091627	0.983812	0.970858	-0.002045	0.001368
83	WASP-12b_00122_bdf.fits	0.091864	0.986359	0.970818	0.000541	0.001357
84	WASP-12b_00123_bdf.fits	0.091916	0.986921	0.970783	0.001138	0.001377
85	WASP-12b_00124_bdf.fits	0.092080	0.988680	0.970752	0.002928	0.001369
86	WASP-12b_00125_bdf.fits	0.092028	0.988125	0.970726	0.002399	0.001318
87	WASP-12b_00126_bdf.fits	0.091975	0.987554	0.970703	0.001850	0.001332
88	WASP-12b_00127_bdf.fits	0.091738	0.985006	0.970685	-0.000679	0.001341
89	WASP-12b_00128_bdf.fits	0.091939	0.987168	0.970671	0.001497	0.001305
90	WASP-12b_00129_bdf.fits	0.091697	0.984571	0.970660	-0.001090	0.001283
91	WASP-12b_00130_bdf.fits	0.091805	0.985736	0.970654	0.000082	0.001273
92	WASP-12b_00131_bdf.fits	0.091795	0.985629	0.970651	-0.000022	0.001242
93	WASP-12b_00132_bdf.fits	0.091907	0.986833	0.970652	0.001182	0.001245
94	WASP-12b_00133_bdf.fits	0.091527	0.982752	0.970656	-0.002904	0.001275
95	WASP-12b_00134_bdf.fits	0.091638	0.983943	0.970665	-0.001722	0.001262
96	WASP-12b_00135_bdf.fits	0.091665	0.984231	0.970677	-0.001446	0.001246
97	WASP-12b_00136_bdf.fits	0.091892	0.986674	0.970693	0.000981	0.001238
98	WASP-12b_00137_bdf.fits	0.091709	0.984702	0.970713	-0.001011	0.001302
99	WASP-12b_00138_bdf.fits	0.091806	0.985750	0.970737	0.000014	0.001307
100	WASP-12b_00139_bdf.fits	0.091878	0.986516	0.970765	0.000751	0.001245
101	WASP-12b_00140_bdf.fits	0.091936	0.987147	0.970797	0.001350	0.001245
102	WASP-12b_00141_bdf.fits	0.091807	0.985757	0.970835	-0.000077	0.001253
103	WASP-12b_00142_bdf.fits	0.091592	0.983447	0.970877	-0.002430	0.001254
104	WASP-12b_00143_bdf.fits	0.092058	0.988449	0.970924	0.002525	0.001250
105	WASP-12b_00144_bdf.fits	0.091695	0.984558	0.970977	-0.001419	0.001250
106	WASP-12b_00145_bdf.fits	0.091980	0.987619	0.971035	0.001584	0.001252
107	WASP-12b_00146_bdf.fits	0.091625	0.983800	0.971100	-0.002299	0.001261
108	WASP-12b_00147_bdf.fits	0.091654	0.984114	0.971171	-0.002057	0.001257
109	WASP-12b_00148_bdf.fits	0.091837	0.986077	0.971249	-0.000172	0.001252
110	WASP-12b_00149_bdf.fits	0.091652	0.984088	0.971335	-0.002246	0.001264
111	WASP-12b_00150_bdf.fits	0.092084	0.988734	0.971429	0.002305	0.001256
112	WASP-12b_00151_bdf.fits	0.091893	0.986679	0.971533	0.000146	0.001245
113	WASP-12b_00152_bdf.fits	0.091787	0.985537	0.971646	-0.001109	0.001252
114	WASP-12b_00153_bdf.fits	0.091713	0.984747	0.971770	-0.002024	0.001254
115	WASP-12b_00154_bdf.fits	0.091910	0.986859	0.971907	-0.000048	0.001248
116	WASP-12b_00155_bdf.fits	0.092056	0.988424	0.972057	0.001367	0.001238
117	WASP-12b_00156_bdf.fits	0.091996	0.987781	0.972222	0.000558	0.001244
118	WASP-12b_00157_bdf.fits	0.091963	0.987431	0.972405	0.000027	0.001319
119	WASP-12b_00158_bdf.fits	0.091791	0.985581	0.972607	-0.002026	0.001246
120	WASP-12b_00159_bdf.fits	0.092049	0.988351	0.972832	0.000519	0.001252
121	WASP-12b_00160_bdf.fits	0.091724	0.984857	0.973083	-0.003226	0.001267
122	WASP-12b_00161_bdf.fits	0.092120	0.989114	0.973367	0.000747	0.001261
123	WASP-12b_00162_bdf.fits	0.092011	0.987944	0.973690	-0.000746	0.001287
124	WASP-12b_00163_bdf.fits	0.092126	0.989178	0.974064	0.000115	0.001253
125	WASP-12b_00164_bdf.fits	0.092127	0.989187	0.974509	-0.000322	0.001262
126	WASP-12b_00165_bdf.fits	0.091991	0.987724	0.975139	-0.002415	0.001289
127	WASP-12b_00166_bdf.fits	0.092227	0.990263	0.976087	-0.000824	0.001272
128	WASP-12b_00167_bdf.fits	0.092590	0.994155	0.977172	0.001984	0.001272
129	WASP-12b_00168_bdf.fits	0.092467	0.992828	0.978318	-0.000490	0.001275
130	WASP-12b_00169_bdf.fits	0.092752	0.995888	0.979478	0.001410	0.001260
131	WASP-12b_00170_bdf.fits	0.092837	0.996807	0.980612	0.001195	0.001269
132	WASP-12b_00171_bdf.fits	0.092899	0.997469	0.981686	0.000783	0.001275
133	WASP-12b_00172_bdf.fits	0.092843	0.996867	0.982670	-0.000803	0.001279
134	WASP-12b_00173_bdf.fits	0.092888	0.997348	0.983532	-0.001184	0.001316
135	WASP-12b_00174_bdf.fits	0.092987	0.998413	0.984238	-0.000825	0.001316
136	WASP-12b_00175_bdf.fits	0.093365	1.002465	0.984750	0.002715	0.001290
137	WASP-12b_00176_bdf.fits	0.093200	1.000690	0.984999	0.000691	0.001305
138	WASP-12b_00177_bdf.fits	0.093323	1.002017	0.985000	0.002017	0.001312
139	WASP-12b_00178_bdf.fits	0.093070	0.999296	0.985000	-0.000704	0.001332
140	WASP-12b_00179_bdf.fits	0.093084	0.999446	0.985000	-0.000554	0.001327
141	WASP-12b_00180_bdf.fits	0.093075	0.999351	0.985000	-0.000649	0.001336
142	WASP-12b_00181_bdf.fits	0.092832	0.996739	0.985000	-0.003261	0.001365
143	WASP-12b_00182_bdf.fits	0.093222	1.000919	0.985000	0.000919	0.001354
144	WASP-12b_00183_bdf.fits	0.093111	0.999730	0.985000	-0.000270	0.001399
145	WASP-12b_00184_bdf.fits	0.092871	0.997155	0.985000	-0.002845	0.001415
146	WASP-12b_00185_bdf.fits	0.093126	0.999885	0.985000	-0.000115	0.001381
147	WASP-12b_00186_bdf.fits	0.092948	0.997972	0.985000	-0.002028	0.001412
148	WASP-12b_00187_bdf.fits	0.093340	1.002182	0.985000	0.002182	0.001396
149	WASP-12b_00188_bdf.fits	0.093194	1.000610	0.985000	0.000610	0.001444
150	WASP-12b_00189_bdf.fits	0.093011	0.998644	0.985000	-0.001356	0.001423
151	WASP-12b_00190_bdf.fits	0.093008	0.998611	0.985000	-0.001389	0.001442
152	WASP-12b_00191_bdf.fits	0.092924	0.997705	0.985000	-0.002295	0.001484
153	WASP-12b_00192_bdf.fits	0.092971	0.998207	0.985000	-0.001793	0.001483
154	WASP-12b_00193_bdf.fits	0.093154	1.000175	0.985000	0.000175	0.001482
155	WASP-12b_00194_bdf.fits	0.092702	0.995322	0.985000	-0.004678	0.001550
156	WASP-12b_00195_bdf.fits	0.093053	0.999080	0.985000	-0.000920	0.001561
157	WASP-12b_00196_bdf.fits	0.092776	0.996107	0.985000	-0.003893	0.001541
158	WASP-12b_00197_bdf.fits	0.092908	0.997527	0.985000	-0.002473	0.001550
159	WASP-12b_00198_bdf.fits	0.093099	0.999570	0.985000	-0.000430	0.001568
160	WASP-12b_00199_bdf.fits	0.093108	0.999670	0.985000	-0.000330	0.001584
161	WASP-12b_00200_bdf.fits	0.092738	0.995696	0.985000	-0.004304	0.001575
162	WASP-12b_00201_bdf.fits	0.093162	1.000240	0.985000	0.000240	0.001589
163	WASP-12b_00202_bdf.fits	0.093062	0.999164	0.985000	-0.000836	0.001595
164	WASP-12b_00203_bdf.fits	0.093154	1.000151	0.985000	0.000151	0.001586
165	WASP-12b_00204_bdf.fits	0.093108	0.999649	0.985000	-0.000351	0.001546
166	WASP-12b_00205_bdf.fits	0.093065	0.999191	0.985000	-0.000809	0.001606
167	WASP-12b_00206_bdf.fits	0.093021	0.998716	0.985000	-0.001284	0.001551
168	WASP-12b_00207_bdf.fits	0.093113	0.999702	0.985000	-0.000298	0.001572
169	WASP-12b_00208_bdf.fits	0.093176	1.000369	0.985000	0.000369	0.001586
170	WASP-12b_00209_bdf.fits	0.092949	0.997937	0.985000	-0.002063	0.001612
171	WASP-12b_00210_bdf.fits	0.092853	0.996905	0.985000	-0.003095	0.001622
172	WASP-12b_00211_bdf.fits	0.093056	0.999071	0.985000	-0.000929	0.001598
173	WASP-12b_00212_bdf.fits	0.093270	1.001368	0.985000	0.001368	0.001565
174	WASP-12b_00213_bdf.fits	0.093107	0.999613	0.985000	-0.000387	0.001573
175	WASP-12b_00214_bdf.fits	0.093094	0.999479	0.985000	-0.000521	0.001550
176	WASP-12b_00215_bdf.fits	0.093005	0.998514	0.985000	-0.001486	0.001549
177	WASP-12b_00216_bdf.fits	0.092964	0.998067	0.985000	-0.001933	0.001583
178	WASP-12b_00217_bdf.fits	0.093015	0.998620	0.985000	-0.001380	0.001546
179	WASP-12b_00218_bdf.fits	0.092975	0.998179	0.985000	-0.001821	0.001554
180	WASP-12b_00219_bdf.fits	0.093138	0.999930	0.985000	-0.000070	0.001539
181	WASP-12b_00220_bdf.fits	0.092434	0.992372	0.985000	-0.007628	0.001630
182	WASP-12b_00221_bdf.fits	0.092712	0.995350	0.985000	-0.004650	0.001650
183	WASP-12b_00222_bdf.fits	0.092845	0.996775	0.985000	-0.003225	0.001627
184	WASP-12b_00223_bdf.fits	0.092749	0.995740	0.985000	-0.004260	0.001622
185	WASP-12b_00224_bdf.fits	0.092556	0.993664	0.985000	-0.006336	0.001605
186	WASP-12b_00225_bdf.fits	0.092710	0.995314	0.985000	-0.004686	0.001613
187	WASP-12b_00226_bdf.fits	0.092963	0.998020	0.985000	-0.001980	0.001734
188	WASP-12b_00227_bdf.fits	0.092921	0.997566	0.985000	-0.002434	0.002030
189	WASP-12b_00228_bdf.fits	0.092835	0.996638	0.985000	-0.003362	0.001790
190	WASP-12b_00229_bdf.fits	0.093179	1.000335	0.985000	0.000335	0.001806
191	WASP-12b_00230_bdf.fits	0.093183	1.000366	0.985000	0.000366	0.001569
192	WASP-12b_00231_bdf.fits	0.092761	0.995837	0.985000	-0.004163	0.001621
193	WASP-12b_00232_bdf.fits	0.092997	0.998359	0.985000	-0.001641	0.001581
194	WASP-12b_00233_bdf.fits	0.093037	0.998789	0.985000	-0.001211	0.001576
195	WASP-12b_00234_bdf.fits	0.092994	0.998320	0.985000	-0.001680	0.001560
196	WASP-12b_00235_bdf.fits	0.092993	0.998308	0.985000	-0.001692	0.001603
197	WASP-12b_00236_bdf.fits	0.092725	0.995425	0.985000	-0.004575	0.001716
198	WASP-12b_00237_bdf.fits	0.093127	0.999730	0.985000	-0.000270	0.001747
199	WASP-12b_00238_bdf.fits	0.092908	0.997379	0.985000	-0.002621	0.001706
200	WASP-12b_00239_bdf.fits	0.092935	0.997669	0.985000	-0.002331	0.001574
201	WASP-12b_00240_bdf.fits	0.093208	1.000590	0.985000	0.000590	0.001525
202	WASP-12b_00241_bdf.fits	0.093142	0.999880	0.985000	-0.000120	0.001541
203	WASP-12b_00242_bdf.fits	0.093395	1.002589	0.985000	0.002589	0.001521
204	WASP-12b_00243_bdf.fits	0.093098	0.999392	0.985000	-0.000608	0.001561
205	WASP-12b_00244_bdf.fits	0.093193	1.000410	0.985000	0.000410	0.001557
206	WASP-12b_00245_bdf.fits	0.092927	0.997543	0.985000	-0.002457	0.001591
207	WASP-12b_00246_bdf.fits	0.092876	0.996995	0.985000	-0.003005	0.001589
208	WASP-12b_00247_bdf.fits	0.093159	1.000028	0.985000	0.000028	0.001586
209	WASP-12b_00248_bdf.fits	0.093417	1.002790	0.985000	0.002790	0.001579
210	WASP-12b_00249_bdf.fits	0.093035	0.998680	0.985000	-0.001320	0.001584
211	WASP-12b_00250_bdf.fits	0.092932	0.997566	0.985000	-0.002434	0.001580
212	WASP-12b_00251_bdf.fits	0.093371	1.002271	0.985000	0.002271	0.001537
213	WASP-12b_00252_bdf.fits	0.092969	0.997957	0.985000	-0.002043	0.001570
214	WASP-12b_00253_bdf.fits	0.093295	1.001444	0.985000	0.001444	0.001568
215	WASP-12b_00254_bdf.fits	0.093404	1.002607	0.985000	0.002607	0.001586
216	WASP-12b_00255_bdf.fits	0.093106	0.999398	0.985000	-0.000602	0.001549
217	WASP-12b_00256_bdf.fits	0.093064	0.998939	0.985000	-0.001061	0.001555
218	WASP-12b_00257_bdf.fits	0.093148	0.999840	0.985000	-0.000160	0.001572
219	WASP-12b_00258_bdf.fits	0.092977	0.997990	0.985000	-0.002010	0.001584
220	WASP-12b_00259_bdf.fits	0.092836	0.996479	0.985000	-0.003521	0.001631
221	WASP-12b_00260_bdf.fits	0.093142	0.999751	0.985000	-0.000249	0.001578
222	WASP-12b_00261_bdf.fits	0.093432	1.002852	0.985000	0.002852	0.001623
223	WASP-12b_00262_bdf.fits	0.092751	0.995537	0.985000	-0.004463	0.001631
224	WASP-12b_00263_bdf.fits	0.092758	0.995605	0.985000	-0.004395	0.001624
225	WASP-12b_00264_bdf.fits	0.092877	0.996871	0.985000	-0.003129	0.001618
226	WASP-12b_00265_bdf.fits	0.092722	0.995204	0.985000	-0.004796	0.001654
227	WASP-12b_00266_bdf.fits	0.093330	1.001723	0.985000	0.001723	0.001652
228	WASP-12b_00267_bdf.fits	0.092830	0.996346	0.985000	-0.003654	0.001591
229	WASP-12b_00268_bdf.fits	0.092911	0.997208	0.985000	-0.002792	0.001592
230	WASP-12b_00269_bdf.fits	0.092927	0.997364	0.985000	-0.002636	0.001583
