#	Label	rel_flux_T1	rel_flux_C3	rel_flux_C4	rel_flux_C5
1	WASP-12b_00040_bdf.fits	0.231710	0.253622	0.352717	0.193575
2	WASP-12b_00041_bdf.fits	0.231395	0.252976	0.353345	0.193606
3	WASP-12b_00042_bdf.fits	0.232028	0.253276	0.353303	0.193513
4	WASP-12b_00043_bdf.fits	0.232515	0.253281	0.353510	0.193300
5	WASP-12b_00044_bdf.fits	0.231540	0.253293	0.353530	0.193357
6	WASP-12b_00045_bdf.fits	0.232403	0.253132	0.354096	0.193960
7	WASP-12b_00046_bdf.fits	0.232307	0.253555	0.352769	0.193316
8	WASP-12b_00047_bdf.fits	0.230976	0.253246	0.354817	0.193780
9	WASP-12b_00048_bdf.fits	0.231523	0.253049	0.355030	0.193107
10	WASP-12b_00049_bdf.fits	0.231588	0.253642	0.353352	0.193727
11	WASP-12b_00050_bdf.fits	0.231911	0.253105	0.353793	0.193126
12	WASP-12b_00051_bdf.fits	0.230900	0.252979	0.355191	0.192929
13	WASP-12b_00052_bdf.fits	0.231933	0.252879	0.354782	0.193227
14	WASP-12b_00053_bdf.fits	0.231604	0.252956	0.354950	0.192720
15	WASP-12b_00054_bdf.fits	0.232164	0.252563	0.354742	0.193140
16	WASP-12b_00055_bdf.fits	0.231643	0.253283	0.355326	0.192806
17	WASP-12b_00056_bdf.fits	0.231387	0.252872	0.355070	0.192723
18	WASP-12b_00057_bdf.fits	0.230929	0.252674	0.353905	0.192938
19	WASP-12b_00058_bdf.fits	0.231109	0.253316	0.355865	0.192552
20	WASP-12b_00059_bdf.fits	0.230678	0.252824	0.357180	0.192453
21	WASP-12b_00060_bdf.fits	0.231069	0.252782	0.355361	0.193175
22	WASP-12b_00061_bdf.fits	0.230924	0.252682	0.354637	0.193240
23	WASP-12b_00062_bdf.fits	0.231299	0.252950	0.355439	0.193138
24	WASP-12b_00063_bdf.fits	0.230973	0.252866	0.355102	0.193452
25	WASP-12b_00064_bdf.fits	0.230966	0.254012	0.354770	0.193015
26	WASP-12b_00065_bdf.fits	0.231893	0.253097	0.353564	0.193194
27	WASP-12b_00066_bdf.fits	0.231247	0.252418	0.353759	0.193415
28	WASP-12b_00067_bdf.fits	0.231360	0.253725	0.355227	0.192653
29	WASP-12b_00068_bdf.fits	0.231087	0.253289	0.353788	0.193017
30	WASP-12b_00069_bdf.fits	0.231296	0.253404	0.354351	0.193421
31	WASP-12b_00070_bdf.fits	0.231608	0.252997	0.354614	0.193373
32	WASP-12b_00071_bdf.fits	0.230700	0.252621	0.355209	0.193064
33	WASP-12b_00072_bdf.fits	0.231274	0.253411	0.354695	0.192939
34	WASP-12b_00073_bdf.fits	0.231599	0.251734	0.355311	0.192747
35	WASP-12b_00074_bdf.fits	0.230602	0.253287	0.357388	0.191871
36	WASP-12b_00075_bdf.fits	0.231829	0.252737	0.354365	0.193569
37	WASP-12b_00076_bdf.fits	0.230905	0.253335	0.353919	0.193294
38	WASP-12b_00077_bdf.fits	0.231971	0.252918	0.354036	0.193458
39	WASP-12b_00078_bdf.fits	0.230993	0.253335	0.352622	0.194051
40	WASP-12b_00079_bdf.fits	0.231383	0.252663	0.353526	0.193351
41	WASP-12b_00080_bdf.fits	0.232123	0.252252	0.354035	0.193780
42	WASP-12b_00081_bdf.fits	0.232315	0.253795	0.354775	0.193098
43	WASP-12b_00082_bdf.fits	0.231813	0.253381	0.354009	0.193587
44	WASP-12b_00083_bdf.fits	0.231172	0.253021	0.353689	0.193715
45	WASP-12b_00084_bdf.fits	0.231895	0.253723	0.352991	0.193681
46	WASP-12b_00085_bdf.fits	0.231557	0.252986	0.353839	0.193314
47	WASP-12b_00086_bdf.fits	0.231679	0.252216	0.354779	0.193639
48	WASP-12b_00087_bdf.fits	0.231103	0.253125	0.353276	0.193257
49	WASP-12b_00088_bdf.fits	0.231673	0.253279	0.353477	0.193178
50	WASP-12b_00089_bdf.fits	0.230871	0.252980	0.353261	0.193960
51	WASP-12b_00090_bdf.fits	0.230413	0.253157	0.354741	0.192811
52	WASP-12b_00091_bdf.fits	0.230103	0.253086	0.353737	0.193356
53	WASP-12b_00092_bdf.fits	0.229476	0.253032	0.353852	0.193798
54	WASP-12b_00093_bdf.fits	0.229371	0.253225	0.353035	0.193742
55	WASP-12b_00094_bdf.fits	0.229366	0.253271	0.353257	0.193344
56	WASP-12b_00095_bdf.fits	0.228729	0.252757	0.352791	0.194032
57	WASP-12b_00096_bdf.fits	0.229534	0.253623	0.353361	0.193179
58	WASP-12b_00097_bdf.fits	0.229169	0.253267	0.353797	0.193273
59	WASP-12b_00098_bdf.fits	0.228549	0.252775	0.353628	0.192431
60	WASP-12b_00099_bdf.fits	0.229001	0.252819	0.353554	0.193879
61	WASP-12b_00100_bdf.fits	0.228613	0.252576	0.353376	0.193050
62	WASP-12b_00101_bdf.fits	0.228267	0.252845	0.353590	0.193134
63	WASP-12b_00102_bdf.fits	0.228191	0.253368	0.353691	0.193423
64	WASP-12b_00103_bdf.fits	0.228385	0.253492	0.353512	0.193992
65	WASP-12b_00104_bdf.fits	0.228009	0.252755	0.352560	0.193587
66	WASP-12b_00105_bdf.fits	0.227877	0.252511	0.354567	0.193597
67	WASP-12b_00106_bdf.fits	0.228244	0.253120	0.353480	0.193009
68	WASP-12b_00107_bdf.fits	0.227855	0.252916	0.353490	0.192690
69	WASP-12b_00108_bdf.fits	0.228603	0.252761	0.353641	0.192856
70	WASP-12b_00109_bdf.fits	0.228835	0.252696	0.353488	0.193484
71	WASP-12b_00110_bdf.fits	0.227646	0.253211	0.354522	0.193317
72	WASP-12b_00111_bdf.fits	0.228503	0.252548	0.353971	0.193074
73	WASP-12b_00112_bdf.fits	0.228126	0.252022	0.354215	0.193531
74	WASP-12b_00113_bdf.fits	0.227124	0.252961	0.355300	0.192871
75	WASP-12b_00114_bdf.fits	0.228221	0.252985	0.355971	0.193096
76	WASP-12b_00115_bdf.fits	0.228116	0.253094	0.355296	0.193373
77	WASP-12b_00116_bdf.fits	0.228060	0.252388	0.354639	0.193191
78	WASP-12b_00117_bdf.fits	0.228401	0.252788	0.354237	0.192882
79	WASP-12b_00118_bdf.fits	0.227841	0.253911	0.355348	0.192923
80	WASP-12b_00119_bdf.fits	0.227911	0.252901	0.354749	0.192507
81	WASP-12b_00120_bdf.fits	0.228092	0.253023	0.356219	0.192410
82	WASP-12b_00121_bdf.fits	0.227455	0.253397	0.354481	0.192932
83	WASP-12b_00122_bdf.fits	0.227947	0.252240	0.354175	0.193427
84	WASP-12b_00123_bdf.fits	0.228120	0.252718	0.354672	0.193255
85	WASP-12b_00124_bdf.fits	0.228638	0.252755	0.354108	0.192959
86	WASP-12b_00125_bdf.fits	0.228293	0.252952	0.354130	0.192106
87	WASP-12b_00126_bdf.fits	0.228144	0.252977	0.355017	0.192810
88	WASP-12b_00127_bdf.fits	0.227729	0.252742	0.354875	0.193575
89	WASP-12b_00128_bdf.fits	0.227859	0.253277	0.354279	0.193419
90	WASP-12b_00129_bdf.fits	0.227471	0.252863	0.354766	0.193028
91	WASP-12b_00130_bdf.fits	0.228019	0.253392	0.355451	0.192101
92	WASP-12b_00131_bdf.fits	0.227810	0.252979	0.353898	0.193665
93	WASP-12b_00132_bdf.fits	0.227882	0.253518	0.353671	0.192856
94	WASP-12b_00133_bdf.fits	0.227295	0.252715	0.354623	0.192647
95	WASP-12b_00134_bdf.fits	0.227660	0.253304	0.354633	0.192881
96	WASP-12b_00135_bdf.fits	0.227531	0.252971	0.353406	0.192659
97	WASP-12b_00136_bdf.fits	0.228013	0.252251	0.354645	0.193324
98	WASP-12b_00137_bdf.fits	0.227737	0.252152	0.357649	0.192996
99	WASP-12b_00138_bdf.fits	0.228243	0.252035	0.354372	0.193550
100	WASP-12b_00139_bdf.fits	0.228086	0.253382	0.355235	0.192435
101	WASP-12b_00140_bdf.fits	0.228211	0.252336	0.354993	0.193103
102	WASP-12b_00141_bdf.fits	0.228030	0.253302	0.354782	0.192795
103	WASP-12b_00142_bdf.fits	0.227275	0.253149	0.355238	0.193038
104	WASP-12b_00143_bdf.fits	0.228274	0.252813	0.354839	0.192605
105	WASP-12b_00144_bdf.fits	0.227620	0.252561	0.354861	0.193261
106	WASP-12b_00145_bdf.fits	0.228438	0.253267	0.354620	0.192659
107	WASP-12b_00146_bdf.fits	0.227538	0.252987	0.355454	0.192984
108	WASP-12b_00147_bdf.fits	0.227709	0.253559	0.355201	0.192151
109	WASP-12b_00148_bdf.fits	0.227760	0.253351	0.354358	0.192972
110	WASP-12b_00149_bdf.fits	0.227526	0.251807	0.354516	0.193300
111	WASP-12b_00150_bdf.fits	0.228763	0.253116	0.355112	0.192852
112	WASP-12b_00151_bdf.fits	0.228229	0.252499	0.355098	0.193070
113	WASP-12b_00152_bdf.fits	0.227458	0.252920	0.355321	0.192947
114	WASP-12b_00153_bdf.fits	0.227651	0.252785	0.356026	0.192311
115	WASP-12b_00154_bdf.fits	0.227924	0.253230	0.354148	0.192729
116	WASP-12b_00155_bdf.fits	0.228431	0.253420	0.354400	0.192833
117	WASP-12b_00156_bdf.fits	0.228367	0.252389	0.354263	0.193447
118	WASP-12b_00157_bdf.fits	0.228303	0.252668	0.354825	0.192561
119	WASP-12b_00158_bdf.fits	0.227652	0.252520	0.354660	0.192762
120	WASP-12b_00159_bdf.fits	0.228300	0.253326	0.354541	0.192730
121	WASP-12b_00160_bdf.fits	0.227883	0.252551	0.356284	0.193112
122	WASP-12b_00161_bdf.fits	0.228691	0.252687	0.355068	0.192821
123	WASP-12b_00162_bdf.fits	0.228569	0.253271	0.355317	0.193246
124	WASP-12b_00163_bdf.fits	0.228573	0.252886	0.354503	0.192906
125	WASP-12b_00164_bdf.fits	0.228740	0.253069	0.354247	0.193138
126	WASP-12b_00165_bdf.fits	0.228497	0.252970	0.354875	0.192840
127	WASP-12b_00166_bdf.fits	0.228733	0.252530	0.355034	0.193247
128	WASP-12b_00167_bdf.fits	0.229578	0.253220	0.355489	0.192719
129	WASP-12b_00168_bdf.fits	0.229375	0.252901	0.354425	0.193039
130	WASP-12b_00169_bdf.fits	0.230094	0.251976	0.355215	0.192838
131	WASP-12b_00170_bdf.fits	0.230533	0.252628	0.356421	0.192337
132	WASP-12b_00171_bdf.fits	0.230581	0.253177	0.355037	0.192723
133	WASP-12b_00172_bdf.fits	0.230545	0.253029	0.355968	0.192503
134	WASP-12b_00173_bdf.fits	0.230962	0.252638	0.357201	0.192934
135	WASP-12b_00174_bdf.fits	0.231108	0.253186	0.356483	0.192317
136	WASP-12b_00175_bdf.fits	0.231778	0.252498	0.355780	0.193034
137	WASP-12b_00176_bdf.fits	0.231457	0.252766	0.356194	0.192418
138	WASP-12b_00177_bdf.fits	0.231923	0.252155	0.355731	0.192082
139	WASP-12b_00178_bdf.fits	0.231429	0.252246	0.356167	0.192925
140	WASP-12b_00179_bdf.fits	0.231286	0.253020	0.355678	0.192473
141	WASP-12b_00180_bdf.fits	0.231147	0.252199	0.355819	0.192581
142	WASP-12b_00181_bdf.fits	0.230709	0.253437	0.357007	0.192658
143	WASP-12b_00182_bdf.fits	0.231514	0.252638	0.356691	0.192387
144	WASP-12b_00183_bdf.fits	0.231270	0.252257	0.356451	0.193248
145	WASP-12b_00184_bdf.fits	0.231006	0.252925	0.356904	0.192411
146	WASP-12b_00185_bdf.fits	0.231301	0.252732	0.355887	0.192658
147	WASP-12b_00186_bdf.fits	0.230857	0.252095	0.356636	0.192917
148	WASP-12b_00187_bdf.fits	0.231618	0.253010	0.355273	0.192775
149	WASP-12b_00188_bdf.fits	0.231593	0.252280	0.357257	0.192924
150	WASP-12b_00189_bdf.fits	0.231171	0.253467	0.356055	0.192636
151	WASP-12b_00190_bdf.fits	0.231323	0.252404	0.354937	0.193409
152	WASP-12b_00191_bdf.fits	0.230881	0.253459	0.356319	0.192631
153	WASP-12b_00192_bdf.fits	0.231082	0.252793	0.356499	0.193009
154	WASP-12b_00193_bdf.fits	0.231555	0.253141	0.355639	0.192472
155	WASP-12b_00194_bdf.fits	0.230580	0.253147	0.356336	0.192589
156	WASP-12b_00195_bdf.fits	0.231178	0.252431	0.356430	0.192398
157	WASP-12b_00196_bdf.fits	0.230733	0.252454	0.355799	0.192910
158	WASP-12b_00197_bdf.fits	0.230929	0.253379	0.357320	0.192372
159	WASP-12b_00198_bdf.fits	0.231452	0.252858	0.355988	0.192878
160	WASP-12b_00199_bdf.fits	0.231526	0.252528	0.356913	0.192832
161	WASP-12b_00200_bdf.fits	0.230816	0.253162	0.355621	0.192213
162	WASP-12b_00201_bdf.fits	0.231632	0.251728	0.357474	0.192714
163	WASP-12b_00202_bdf.fits	0.231288	0.252666	0.356251	0.193366
164	WASP-12b_00203_bdf.fits	0.231686	0.252641	0.357285	0.192200
165	WASP-12b_00204_bdf.fits	0.231453	0.252844	0.355470	0.193282
166	WASP-12b_00205_bdf.fits	0.231411	0.252096	0.357382	0.192396
167	WASP-12b_00206_bdf.fits	0.231020	0.252401	0.355816	0.192648
168	WASP-12b_00207_bdf.fits	0.231252	0.252988	0.357101	0.192645
169	WASP-12b_00208_bdf.fits	0.231631	0.252892	0.356398	0.192646
170	WASP-12b_00209_bdf.fits	0.231169	0.253063	0.358595	0.192341
171	WASP-12b_00210_bdf.fits	0.230818	0.254067	0.357316	0.191790
172	WASP-12b_00211_bdf.fits	0.231268	0.252834	0.357841	0.192533
173	WASP-12b_00212_bdf.fits	0.231798	0.252701	0.357573	0.192549
174	WASP-12b_00213_bdf.fits	0.231252	0.252870	0.357233	0.192324
175	WASP-12b_00214_bdf.fits	0.231524	0.252795	0.357390	0.192098
176	WASP-12b_00215_bdf.fits	0.231051	0.253492	0.356466	0.192218
177	WASP-12b_00216_bdf.fits	0.231080	0.253061	0.358061	0.192444
178	WASP-12b_00217_bdf.fits	0.231268	0.252716	0.355679	0.192969
179	WASP-12b_00218_bdf.fits	0.231250	0.252407	0.357028	0.193110
180	WASP-12b_00219_bdf.fits	0.231553	0.252745	0.355671	0.193258
181	WASP-12b_00220_bdf.fits	0.229787	0.252918	0.357451	0.192291
182	WASP-12b_00221_bdf.fits	0.230385	0.252307	0.357116	0.192664
183	WASP-12b_00222_bdf.fits	0.231159	0.252772	0.358286	0.191721
184	WASP-12b_00223_bdf.fits	0.230448	0.251957	0.356734	0.193812
185	WASP-12b_00224_bdf.fits	0.230176	0.252347	0.357242	0.192320
186	WASP-12b_00225_bdf.fits	0.230655	0.253200	0.357101	0.191561
187	WASP-12b_00226_bdf.fits	0.231546	0.252681	0.357304	0.192281
188	WASP-12b_00227_bdf.fits	0.231293	0.252449	0.357709	0.193413
189	WASP-12b_00228_bdf.fits	0.230624	0.252596	0.355919	0.193100
190	WASP-12b_00229_bdf.fits	0.231676	0.253222	0.357929	0.191967
191	WASP-12b_00230_bdf.fits	0.232004	0.253346	0.355872	0.192774
192	WASP-12b_00231_bdf.fits	0.230788	0.252488	0.357645	0.192412
193	WASP-12b_00232_bdf.fits	0.231136	0.252046	0.357085	0.192646
194	WASP-12b_00233_bdf.fits	0.231160	0.252518	0.357149	0.192578
195	WASP-12b_00234_bdf.fits	0.231055	0.252685	0.356517	0.193148
196	WASP-12b_00235_bdf.fits	0.231094	0.253337	0.357139	0.192154
197	WASP-12b_00236_bdf.fits	0.230638	0.252404	0.356079	0.193505
198	WASP-12b_00237_bdf.fits	0.231565	0.252078	0.357330	0.193302
199	WASP-12b_00238_bdf.fits	0.231026	0.252448	0.357265	0.192744
200	WASP-12b_00239_bdf.fits	0.231048	0.253314	0.357071	0.192642
201	WASP-12b_00240_bdf.fits	0.231719	0.251918	0.355698	0.193379
202	WASP-12b_00241_bdf.fits	0.231303	0.252786	0.355804	0.193077
203	WASP-12b_00242_bdf.fits	0.232121	0.253633	0.354529	0.192892
204	WASP-12b_00243_bdf.fits	0.231264	0.252771	0.355322	0.193337
205	WASP-12b_00244_bdf.fits	0.231524	0.252816	0.355708	0.193326
206	WASP-12b_00245_bdf.fits	0.231250	0.252705	0.356761	0.193123
207	WASP-12b_00246_bdf.fits	0.230984	0.252817	0.356644	0.192145
208	WASP-12b_00247_bdf.fits	0.231358	0.252650	0.356409	0.193326
209	WASP-12b_00248_bdf.fits	0.232241	0.252272	0.355986	0.193306
210	WASP-12b_00249_bdf.fits	0.230894	0.253571	0.354630	0.193402
211	WASP-12b_00250_bdf.fits	0.231078	0.252519	0.355692	0.192511
212	WASP-12b_00251_bdf.fits	0.231530	0.252655	0.355768	0.192726
213	WASP-12b_00252_bdf.fits	0.230894	0.252885	0.355694	0.192122
214	WASP-12b_00253_bdf.fits	0.231762	0.253768	0.355936	0.192500
215	WASP-12b_00254_bdf.fits	0.232385	0.253337	0.355475	0.193167
216	WASP-12b_00255_bdf.fits	0.231447	0.252876	0.354954	0.192609
217	WASP-12b_00256_bdf.fits	0.231165	0.253126	0.355511	0.193124
218	WASP-12b_00257_bdf.fits	0.231290	0.252128	0.356117	0.192570
219	WASP-12b_00258_bdf.fits	0.231063	0.251854	0.356628	0.193596
220	WASP-12b_00259_bdf.fits	0.231228	0.252612	0.356751	0.192996
221	WASP-12b_00260_bdf.fits	0.231380	0.253189	0.355345	0.193041
222	WASP-12b_00261_bdf.fits	0.232233	0.252379	0.356634	0.193148
223	WASP-12b_00262_bdf.fits	0.230748	0.253322	0.357296	0.192836
224	WASP-12b_00263_bdf.fits	0.230579	0.253109	0.356231	0.192760
225	WASP-12b_00264_bdf.fits	0.230804	0.253399	0.356939	0.193203
226	WASP-12b_00265_bdf.fits	0.230587	0.253223	0.357007	0.192505
227	WASP-12b_00266_bdf.fits	0.232059	0.252436	0.356566	0.193577
228	WASP-12b_00267_bdf.fits	0.230784	0.252328	0.356485	0.193285
229	WASP-12b_00268_bdf.fits	0.230951	0.252822	0.355866	0.193478
230	WASP-12b_00269_bdf.fits	0.230782	0.252366	0.354846	0.193372
